Standard unstable
        10	1.145e-6
       100	2.095e-6
      1000	1.137e-5
     10000	1.027e-4
    100000	1.267e-3
   1000000	1.444e-2
  10000000	1.739e-1
 100000000	2.007e0
1000000000	2.261e1
Standard stable
        10	1.425e-6
       100	5.419e-6
      1000	1.574e-5
     10000	1.818e-4
    100000	1.615e-3
   1000000	1.862e-2
  10000000	2.405e-1
 100000000	2.788e0
1000000000	3.173e1
Rayon unstable
        10	1.327e-6
       100	2.961e-6
      1000	1.778e-5
     10000	6.189e-4
    100000	4.169e-4
   1000000	4.515e-3
  10000000	4.505e-2
 100000000	5.419e-1
1000000000	7.288e0
Rayon stable
        10	1.453e-6
       100	3.562e-6
      1000	2.840e-5
     10000	4.961e-4
    100000	5.580e-4
   1000000	4.481e-3
  10000000	8.556e-2
 100000000	9.971e-1
1000000000	1.205e1
Rdst
        10	1.438e-6
       100	3.715e-6
      1000	1.245e-5
     10000	5.185e-5
    100000	6.049e-4
   1000000	2.270e-3
  10000000	3.865e-2
 100000000	3.488e-1
1000000000	3.921e0
Rdxsort
        10	3.143e-6
       100	3.855e-6
      1000	1.724e-5
     10000	1.447e-4
    100000	1.408e-3
   1000000	1.563e-2
  10000000	1.763e-1
 100000000	1.582e0
1000000000	1.560e1
Radix
        10	4.091e-4
       100	3.047e-4
      1000	1.174e-4
     10000	2.664e-4
    100000	1.142e-3
   1000000	1.320e-2
  10000000	1.099e-1
 100000000	1.001e0
1000000000	1.055e1
Radix 2
        10	3.351e-3
       100	2.495e-3
      1000	2.498e-3
     10000	2.601e-3
    100000	2.760e-3
   1000000	5.956e-3
  10000000	7.016e-2
 100000000	5.419e-1
1000000000	4.975e0
